TRIPLE DATA ENCRYPTION STANDARD

Key 1 : 00110011 10010000 00011011 10011100 01111011 10110100 00111010 10010000 

Key 2 : 11010010 00101110 10010110 00111111 11011110 00011110 10010110 10111011 

Plain Text : 
00110110 10010111 00100110 00110111 00100010 10111111 00100110 10010101 00100110 11110111 00101110 10110110 00100110 00110111 10100111 10110011 

Cipher Text : 
11101101 10101001 10101001 00111000 11100010 00101110 01110000 00101111 01100110 11111010 00010010 10111101 11101110 00101000 00010010 01001101 

Decrypted Text : 
00110110 10010111 00100110 00110111 00100010 10111111 00100110 10010101 00100110 11110111 00101110 10110110 00100110 00110111 10100111 10110011 
