ADVANCED ENCRYPTION STANDARD (AES-128)

Key : 
00110011 10010000 00011011 10011100 01111011 10110100 00111010 10010000 11010010 00101110 10010110 00111111 11011110 00011110 10010110 10111011 

Plain Text : 
00111110 10110111 00000110 00100111 00110010 00111111 10100010 10010001 00100100 11110101 00101010 10111110 00101110 00111111 10000111 00110111 

Cipher Text : 
00000110 01110100 11011001 00010101 01011111 00011110 10101000 00011110 01110110 00011010 00110011 00000110 11000001 01000110 00011001 11001010 

Decrypted Text : 
00111110 10110111 00000110 00100111 00110010 00111111 10100010 10010001 00100100 11110101 00101010 10111110 00101110 00111111 10000111 00110111 