SUBSTITUTION & PERMUTATION NETWORK

Key : 0011 1010 1001 0100 1101 0110 0011 1111

Plain Text : 0010 0110 1011 0111

Round Keys : 
K1 : 0011 1010 1001 0100
K2 : 1010 1001 0100 1101
K3 : 1001 0100 1101 0110
K4 : 0100 1101 0110 0011
K5 : 1101 0110 0011 1111

Substitution Function : 
0	1	2	3	4	5	6	7	8	9	10	11	12	13	14	15	
9	0	5	2	15	1	7	3	13	11	8	4	12	14	10	6	

Permutation Function : 
0	1	2	3	4	5	6	7	8	9	10	11	12	13	14	15	
3	8	9	5	6	10	14	1	12	11	7	13	15	4	0	2	

Cipher Text : 0011 0001 1101 0110 

Decrypted Text : 0010 0110 1011 0111